1 21 16386 16377 16366 68 60 82 11534 65 5 19 89 16354 16378 90 87 16356 62 22 78 16363 12434 
1 9 16345 154 55 1 119 25 27 53 16378 
1 5 1 63 45 70 68 
1 10 16372 85 14 11 9840 7986 121 16380 16346 12434 
5 15 16428 6713 16405 16399 7464 5907 16392 8071 16417 9163 5371 7460 4134 11520 1946 
5 9 16392 16395 7885 16393 16390 16401 16420 16411 16405 
5 9 16411 9967 10146 16396 11556 8082 11252 3149 7858 
5 10 16401 16426 16408 7564 5090 1853 3031 8803 2490 10015 
5 11 16399 16398 16425 16402 6790 6378 1067 12130 4569 8316 1830 
5 4 16402 5444 5655 10146 
5 12 16420 6300 16427 6451 5866 9985 11640 9279 3722 8704 6543 5666 
5 11 7464 754 9733 5532 561 9368 3709 2469 1906 8869 1375 
1 11 16393 566 16388 16412 4880 8919 11080 6465 12508 10990 5314 
5 9 5655 16418 9500 12739 11968 10946 8323 4185 12584 
