state={
	id=182
	name="STATE_182"
	provinces={
		18 35 61 101 135 188 209 218 269 317 320 325 326 331 383 451 496 526 564 655 707 737 757 797 808 863 892 897 946 948 956 1024 1033 1102 1116 1118 1139 1156 1243 1249 1254 1290 1361 1365 1435 1440 1534 1669 1708 1718 1726 1729 1762 1832 1909 1961 2008 2032 2048 2082 2085 2193 2205 2212 2249 2315 2317 2363 2400 2497 2563 2576 2764 2771 2891 2951 3084 3122 3182 3197 3276 3364 3404 3406 3433 3547 3606 3657 3669 3672 3719 4006 4032 4053 4110 4112 4157 4222 4244 4253 4272 4299 4327 4342 4371 4395 4397 4436 4463 4498 4553 4578 4597 4875 4876 4913 4983 4990 5059 5136 5213 5251 5364 5453 5560 5639 5799 5984 5986 6148 6157 6261 6280 6297 6318 6437 6475 6655 6748 6876 6878 7016 7113 7186 7348 7561 7944 8109 8162 8187 8199 13234 13260 13396 13402 13416 13424 13436 13507 13536 13541 13629 13637 13656 13680 13698 13709 13737 13749 13755 13771 13776 13791 13802 13816 13817 13822 13829 13843 13851 13853 13858 13868 13881 13895 13916 13920 13926 13937 13942 13948 13950 13960 13964 13965 13968 13972 13982 13983 13984 13986 13988 13990 
	}
	buildings_max_level_factor=1.000
	local_supplies=0.000
        manpower=1
        state_category = town
}
