state={
	id=25
	name="STATE_25"
	provinces={
		157 217 401 482 694 722 932 1105 1304 1385 1429 1634 1763 1768 1825 1861 1862 1890 2025 2157 2211 2380 2736 3017 3038 3181 3273 3302 3304 3503 3541 3579 3648 3714 3828 3847 3919 4037 4217 4277 4503 4534 4553 4572 4646 4909 5016 5055 5273 5521 5540 5573 5611 5729 5798 6146 6345 6350 6520 6580 6622 6827 6971 6979 6991 7263 7508 7654 7713 7911 8068 8328 8371 8505 8515 8532 8615 8717 8885 9037 9066 9132 9133 9150 9160 9236 9344 9418 9598 9608 9611 9614 9685 9778 9894 10130 10158 10313 10357 10403 10539 10548 10668 10675 10769 10810 10835 10879 10885 11000 11115 11124 11132 11382 11487 11612 11653 12017 12054 12076 12122 12313 12317 12383 12410 12790 12880 12899 12914 16568 
	}
	manpower=520000
	buildings_max_level_factor=1
	state_category=large_town
	local_supplies=0

	history={
		owner = IVN
		buildings = {
			infrastructure = 3
			industrial_complex = 2
			arms_factory = 1
			air_base = 2
		}
		add_core_of = IVN
		victory_points = { 16568 10 }
	}
}
