state={
	id=27
	name="STATE_27"
	provinces={
		161 236 258 265 266 282 284 292 336 339 346 361 385 404 432 449 509 513 524 531 534 560 561 566 587 592 623 624 647 660 672 686 706 738 741 754 765 773 782 806 827 860 868 904 930 976 1029 1061 1067 1100 1111 1128 1129 1143 1156 1173 1175 1181 1208 1217 1218 1270 1280 1296 1374 1375 1378 1386 1423 1426 1477 1492 1514 1521 1525 1540 1569 1581 1611 1615 1664 1672 1685 1688 1711 1764 1780 1792 1794 1800 1801 1818 1830 1831 1853 1888 1889 1906 1915 1946 1968 1969 1979 1980 2088 2114 2149 2153 2159 2192 2197 2200 2202 2238 2268 2304 2310 2339 2346 2363 2402 2452 2469 2474 2488 2490 2498 2501 2516 2539 2540 2544 2552 2565 2571 2583 2620 2621 2623 2643 2652 2688 2706 2713 2740 2742 2767 2831 2844 2866 2883 2896 2902 2914 2916 2926 2949 2988 3007 3025 3031 3043 3069 3083 3145 3147 3149 3151 3173 3183 3215 3218 3227 3238 3248 3296 3297 3310 3321 3334 3345 3418 3448 3462 3473 3492 3505 3518 3534 3567 3572 3573 3583 3674 3688 3707 3709 3722 3729 3738 3743 3757 3762 3765 3823 3848 3905 3913 3925 3928 3972 3997 4004 4007 4080 4081 4091 4127 4130 4133 4134 4139 4143 4148 4156 4166 4178 4185 4197 4210 4212 4224 4262 4270 4278 4290 4331 4361 4381 4404 4415 4421 4423 4425 4443 4501 4524 4528 4568 4569 4571 4590 4603 4616 4634 4659 4671 4706 4771 4781 4795 4798 4802 4841 4857 4858 4859 4878 4880 4911 4924 4931 4932 4952 4988 5075 5076 5080 5090 5135 5136 5153 5154 5170 5180 5207 5225 5245 5247 5307 5309 5314 5337 5358 5360 5371 5376 5380 5405 5408 5409 5444 5469 5500 5508 5524 5532 5568 5607 5614 5626 5636 5655 5666 5679 5689 5691 5695 5721 5741 5762 5772 5799 5819 5844 5859 5866 5872 5878 5888 5893 5905 5907 5973 5978 5986 6038 6104 6181 6187 6192 6245 6253 6295 6300 6360 6378 6383 6399 6410 6433 6435 6443 6451 6456 6461 6465 6474 6506 6507 6510 6543 6551 6560 6574 6592 6631 6636 6713 6716 6728 6729 6730 6742 6754 6759 6764 6774 6790 6799 6801 6820 6850 6908 6921 6927 7078 7085 7090 7129 7230 7251 7267 7341 7357 7360 7379 7381 7406 7412 7434 7443 7460 7464 7479 7483 7564 7615 7644 7664 7676 7685 7703 7731 7742 7764 7770 7778 7804 7819 7827 7850 7858 7869 7885 7934 7942 7954 7959 7974 7989 8016 8019 8032 8051 8059 8064 8071 8080 8082 8101 8238 8243 8300 8315 8316 8323 8409 8468 8497 8565 8566 8570 8599 8611 8620 8631 8679 8704 8740 8803 8824 8827 8849 8869 8877 8881 8901 8912 8913 8919 8926 8949 8987 8988 9012 9022 9045 9075 9104 9149 9158 9159 9163 9186 9188 9193 9225 9259 9266 9269 9279 9301 9315 9321 9323 9337 9362 9363 9366 9368 9413 9448 9452 9453 9460 9464 9466 9478 9492 9500 9509 9525 9537 9567 9664 9698 9725 9727 9733 9811 9833 9845 9908 9927 9929 9935 9937 9948 9958 9962 9967 9985 9988 10015 10034 10146 10147 10171 10200 10215 10234 10250 10251 10261 10323 10324 10345 10372 10388 10400 10479 10555 10606 10609 10624 10696 10699 10734 10746 10747 10791 10805 10834 10864 10896 10911 10926 10946 10964 10990 10999 11051 11072 11080 11082 11090 11120 11185 11209 11252 11267 11274 11282 11311 11318 11321 11379 11384 11392 11406 11411 11443 11454 11456 11471 11472 11480 11505 11506 11520 11556 11563 11586 11592 11635 11640 11659 11690 11703 11717 11743 11795 11842 11877 11904 11930 11944 11945 11968 11971 11990 11999 12004 12019 12023 12025 12030 12072 12093 12099 12100 12103 12126 12130 12137 12161 12192 12195 12227 12232 12241 12250 12296 12302 12312 12316 12365 12367 12376 12404 12433 12441 12443 12444 12450 12454 12473 12508 12520 12541 12564 12584 12618 12649 12669 12692 12732 12733 12738 12739 12763 12801 12832 12842 12847 12848 12850 12877 12920 12930 12932 12940 12946 12947 12955 12971 12984 12985 12995 13002 13007 13011 13018 13024 
	}
	manpower=0
	buildings_max_level_factor=1.000
	local_supplies=0.000

	history={
		owner = WRK
		victory_points = { 5859 25 }
		buildings = {
			infrastructure = 6
		}
		add_core_of = WRK
	}
}
