state={
	id=47
	name="STATE_47"
	provinces={
		163 242 275 280 392 422 584 869 956 990 1026 1059 1148 1189 1307 1379 1384 1410 1556 1560 1599 1751 2063 2183 2239 2266 2340 2349 2366 2415 2569 3047 3071 3119 3120 3129 3162 3167 3265 3368 3455 3586 3856 3857 3910 3959 3984 4284 4394 4493 4504 4621 4698 4705 4803 4974 4980 5196 5218 5357 5395 5404 5625 5685 5825 5966 5970 6017 6067 6068 6225 6260 6299 6497 6818 7083 7109 7328 7332 7340 7372 7505 7687 7726 7880 8040 8125 8131 8163 8175 8266 8294 8429 8604 8676 8714 8756 8781 8830 8846 9050 9140 9179 9282 9310 9343 9404 9416 9462 9514 9535 9586 9647 9723 9856 10138 10151 10183 10189 10439 10448 10480 10506 10760 10801 10872 11094 11112 11174 11266 11351 11604 11683 11827 11860 12002 12039 12085 12127 12372 12510 12526 12652 12795 12807 13005 
	}
	manpower=0
	buildings_max_level_factor=1.000
	local_supplies=0.000
}
