state={
	id=51
	name="STATE_51"
	provinces={
		205 362 375 399 564 603 650 774 876 1034 1222 1316 1342 1376 1414 1430 1481 1517 1613 1774 1879 1910 2033 2395 2416 2533 2534 2751 2781 2825 3126 3165 3263 3317 3347 3394 3474 3476 3507 3542 3551 3684 3705 3721 3728 3801 3944 3974 4026 4034 4051 4110 4282 4405 4411 4508 4513 4527 4530 4598 4749 4769 4861 4899 4939 5020 5032 5112 5195 5215 5257 5407 5418 5507 5591 5637 5657 5727 5770 5780 5867 5894 5924 5961 5971 6036 6050 6058 6066 6237 6280 6304 6317 6434 6777 6789 7017 7181 7289 7367 7448 7452 7602 7666 7706 7781 7854 7938 8112 8167 8198 8263 8332 8389 8625 8664 8670 8755 8985 9001 9032 9054 9067 9260 9439 9570 9571 9626 9796 9860 9934 10024 10284 10415 10417 10530 10616 10625 10785 11230 11357 11368 11386 11398 11425 11526 11700 11741 11761 11786 11798 11825 11840 11950 12219 12324 12361 12460 12555 12579 12762 12766 12933 16309 16312 16324 16325 16524 16630 16632 16638 16639 
	}
	manpower=0
	buildings_max_level_factor=1
	state_category=wasteland
	local_supplies=0
}
