state={
	id=67
	name="STATE_67"
	provinces={
		176 180 334 432 461 689 947 1015 1418 1559 1710 2038 2231 2299 2478 2544 2742 2935 3024 3127 3173 3243 3350 3351 3731 3884 4004 4025 4287 4321 4396 4912 5482 6099 6145 6231 6322 6649 6816 6893 6961 7324 7373 7618 7639 7784 8058 8351 8358 8445 8537 8635 8682 8888 9016 9116 9192 9211 9641 10840 10909 10967 10993 11043 11069 11393 11406 11422 11606 11696 11926 11942 12376 12480 12668 12732 12982 13018 
	}
	manpower=0
	buildings_max_level_factor=1.000
	local_supplies=0.000

	history = {
        owner = NAM
        add_core_of = NAM
	}

    resources = {
        oil = 164
        chromium = 15
    }
}
