state={
	id=68
	name="STATE_68"
	provinces={
		259 324 786 797 865 1411 1658 1950 2254 2473 2734 2822 3046 3089 3176 3226 3730 3833 3916 3977 4014 4060 4096 4175 4237 4339 4424 4717 5260 5579 5651 5766 6150 6331 6438 7139 7199 7502 7750 7859 8057 8087 8194 8425 8904 9390 9609 9637 9694 9731 10113 10258 10454 10722 10759 10806 10866 10932 11083 11652 11744 12109 12131 12135 12218 12306 12830 
	}
	manpower=0
	buildings_max_level_factor=1.000
	local_supplies=0.000

	history = {
		owner = EFL
		add_core_of = EFL
	}
}
