state={
	id=69
	name="STATE_69"
	provinces={
		367 493 601 643 687 729 826 1360 1568 2264 2338 2362 2411 2443 2802 2804 3464 4089 4380 4678 5039 5156 5288 5305 5483 5527 5555 5594 5683 5837 6184 6193 6505 6577 6768 7033 7079 7193 7413 7637 7692 7737 7777 8114 8234 8441 8452 8758 8821 8829 8836 8958 8990 8997 9013 9119 9264 9375 9633 9758 9798 9909 10077 10489 10626 11445 11630 11734 12458 12482 12498 12601 12837 12937 13019 
	}
	manpower=0
	buildings_max_level_factor=1.000
	local_supplies=0.000
}
