state={
	id=70
	name="STATE_70"
	provinces={
		158 191 627 910 1200 1287 1444 2042 2167 2577 2627 2986 3113 3367 3695 3872 3986 4067 4478 4674 4708 4792 5261 5869 5926 5934 5979 6000 6061 6266 6409 6414 6419 6495 6514 6650 6847 6870 6970 7032 7302 7456 7567 7621 7908 8134 8618 8724 8951 8972 9041 9308 9402 9787 10068 10167 10387 10422 10438 10636 10809 10847 11035 11219 12366 12419 12425 12576 12974 
	}
	manpower=2627547
	buildings_max_level_factor=1.000
	local_supplies=0.000

	history = {
		owner = EFL
		add_core_of = EFL
	}
}
