state={
	id=71
	name="STATE_71"
	provinces={
		258 339 623 672 773 1128 1129 1156 1375 1514 1611 1685 1888 1906 1968 1980 2192 2202 2339 2363 2571 2713 2740 3743 3757 3925 3972 4212 4381 4415 4771 5080 5154 5170 5225 5469 5508 5689 5691 5859 5893 6038 6295 6461 6592 6631 6921 7360 7381 7869 7989 8101 8238 8300 8409 8468 8620 8679 8869 8881 8901 8926 8949 8988 9269 9363 9453 9492 9509 9698 9725 9908 9935 9988 10250 10324 10345 10388 10734 11082 11454 11505 11690 11971 12023 12030 12103 12241 12302 12441 12444 12473 12520 12733 12801 12877 16559 16561 16591 
	}
	manpower=0
	buildings_max_level_factor=1.000
	local_supplies=0.000

	history = {
        owner = PWR
        add_core_of = PWR
	}
}
