state={
	id=72
	name="STATE_72"
	provinces={
		236 647 806 1100 1111 1569 1711 2565 2896 3069 3151 3534 3738 3928 4178 4224 4262 4331 4528 4634 5136 5207 5409 5844 6059 6181 6253 6636 6730 6799 7090 7129 7230 7341 7443 7664 7685 7827 7934 7959 8032 8051 8631 8747 8987 9022 9075 9149 9158 9727 10171 10606 10864 10896 11635 11703 11717 11945 12025 12093 12433 12497 12995 
	}
	manpower=0
	buildings_max_level_factor=1.000
	local_supplies=0.000

	history = {
        owner = ZAO
        add_core_of = ZAO
	}
}
