state={
	id=73
	name="STATE_73"
	provinces={
		245 404 624 765 930 1318 1374 1407 1525 2168 2346 2765 2767 2868 2916 3418 3448 3505 3573 3887 4139 4423 4795 4798 4859 4868 4924 4931 5076 5282 5695 5762 5878 5912 6217 6729 6742 6749 6927 7590 7615 7954 7974 8019 8094 8314 8912 9266 9323 9537 9927 9962 10195 10323 10555 10605 10696 10747 11072 11658 11904 12126 12195 12450 12692 12850 12940 12946 12984 13007 13011 16557 16571 
	}
	manpower=0
	buildings_max_level_factor=1.000
	local_supplies=0.000

	history={
		owner = ROM
		buildings = {
			infrastructure = 2
		}
		add_core_of = ROM
	}
}
