state={
	id=75
	name="STATE_75"
	provinces={
		292 346 361 534 560 782 1143 1173 1181 1270 1477 1492 1615 1688 1792 1831 2088 2114 2238 2539 2621 2652 2902 2926 2949 3007 3043 3145 3296 3297 3321 3707 3765 3823 4081 4091 4127 4404 4841 4988 5245 5607 5626 5636 5772 5872 5973 6104 6187 6192 6433 6474 6728 6754 6774 7085 7251 7676 7731 7742 7778 7850 8064 8243 8877 8913 9159 9188 9315 9337 9413 9478 9664 10147 10234 10372 10479 10791 11120 11209 11267 11274 11392 11443 11743 11944 12250 12296 12842 12848 12955 13024 
	}
	manpower=0
	buildings_max_level_factor=1.000
	local_supplies=0.000

	history={
		owner = VAD
		add_core_of = VAD
	}
}
