state={
	id=82
	name="STATE_82"
	provinces={
		161 266 561 587 1067 1540 1764 1818 1830 1946 2268 2304 2452 2469 2540 2620 2623 2688 3147 3215 3310 3334 3674 3688 3709 4134 4524 4569 4571 4590 4781 4802 5180 5337 5371 5532 5568 6360 6378 6383 6410 7357 7379 7460 7703 8059 8316 8824 8827 8919 9163 9186 9301 9366 9368 9567 9733 10200 11080 11185 11520 11586 11990 11999 12099 12100 12130 12192 12312 12367 12920 
	}
	manpower=0
	buildings_max_level_factor=1.000
	local_supplies=0.000

	history={
		owner = WRK
		buildings = {
			infrastructure = 2
		}
		add_core_of = WRK
	}
}
